1 0.858594 0.503472 0.142188 0.131944
1 0.731250 0.766667 0.310937 0.233333
1 0.607813 0.590278 0.106250 0.141667
1 0.745313 0.312500 0.139062 0.169444
1 0.722266 0.099306 0.157031 0.198611
1 0.432422 0.734028 0.124219 0.168056
1 0.398047 0.527778 0.219531 0.169444
1 0.560156 0.303472 0.134375 0.143056
1 0.530859 0.084722 0.085156 0.169444
1 0.436328 0.172222 0.171094 0.233333
1 0.289063 0.266667 0.129688 0.147222
1 0.198437 0.800000 0.096875 0.352778
1 0.119922 0.576389 0.121094 0.302778
1 0.123047 0.210417 0.127344 0.334722
