1 0.919141 0.475694 0.161719 0.201389
1 0.722656 0.459722 0.265625 0.163889
1 0.702344 0.249306 0.218750 0.279167
1 0.524609 0.135417 0.227344 0.181944
1 0.305469 0.235417 0.190625 0.215278
1 0.145313 0.243056 0.137500 0.213889
1 0.197266 0.464583 0.230469 0.162500
1 0.442187 0.409722 0.268750 0.119444
1 0.742578 0.636111 0.275781 0.100000
1 0.734766 0.736111 0.336719 0.088889
1 0.515625 0.797917 0.246875 0.115278
1 0.448438 0.625694 0.096875 0.218056
1 0.258594 0.667361 0.264062 0.098611
1 0.277734 0.868056 0.124219 0.261111
