1 0.722656 0.122222 0.129688 0.211111
1 0.755078 0.322917 0.141406 0.187500
1 0.861719 0.519444 0.151562 0.150000
1 0.614453 0.609028 0.110156 0.154167
1 0.733594 0.779861 0.307813 0.237500
1 0.438672 0.746528 0.122656 0.143056
1 0.420312 0.552083 0.212500 0.193056
1 0.568359 0.337500 0.114844 0.166667
1 0.448438 0.193056 0.171875 0.222222
1 0.544531 0.102083 0.089062 0.193056
1 0.310547 0.287500 0.124219 0.127778
1 0.152344 0.230556 0.129688 0.322222
1 0.139062 0.593056 0.145313 0.266667
1 0.217578 0.802778 0.088281 0.344444
