1 0.833203 0.550000 0.297656 0.147222
1 0.826953 0.735417 0.328906 0.131944
1 0.609766 0.625694 0.267969 0.145833
1 0.548047 0.811806 0.250781 0.143056
1 0.327734 0.633333 0.267969 0.094444
1 0.473437 0.412500 0.131250 0.225000
1 0.166016 0.495139 0.225781 0.190278
1 0.185547 0.799306 0.302344 0.143056
1 0.160156 0.247917 0.160938 0.237500
1 0.324219 0.145833 0.115625 0.252778
1 0.338672 0.325000 0.242969 0.180556
1 0.507422 0.106944 0.269531 0.113889
1 0.583984 0.235417 0.260156 0.170833
1 0.779297 0.221528 0.271094 0.256944
