1 0.922266 0.445139 0.155469 0.220833
1 0.735547 0.616667 0.308594 0.094444
1 0.718359 0.723611 0.314844 0.102778
1 0.492578 0.784028 0.252344 0.134722
1 0.435937 0.592361 0.101563 0.234722
1 0.435156 0.377083 0.267188 0.165278
1 0.724609 0.434722 0.289844 0.166667
1 0.712891 0.214583 0.222656 0.295833
1 0.532422 0.101389 0.244531 0.169444
1 0.301953 0.174306 0.205469 0.259722
1 0.134766 0.198611 0.133594 0.250000
1 0.185547 0.441667 0.236719 0.216667
1 0.231641 0.640278 0.292969 0.150000
1 0.241406 0.846528 0.145313 0.254167
