1 0.631641 0.327778 0.066406 0.269444
1 0.705078 0.488889 0.094531 0.213889
1 0.718359 0.781250 0.113281 0.254167
1 0.574609 0.733333 0.069531 0.147222
1 0.482422 0.554167 0.175781 0.127778
1 0.449609 0.409722 0.078906 0.136111
1 0.225781 0.390972 0.235938 0.187500
1 0.316406 0.538889 0.100000 0.105556
1 0.135937 0.620139 0.115625 0.131944
1 0.225781 0.752778 0.110937 0.158333
1 0.372656 0.738889 0.104687 0.127778
1 0.478516 0.830556 0.136719 0.186111
1 0.399219 0.914583 0.082813 0.154167
1 0.259766 0.907639 0.107031 0.168056
