1 0.757813 0.215972 0.076563 0.329167
1 0.828906 0.429167 0.112500 0.258333
1 0.827344 0.780556 0.118750 0.316667
1 0.678906 0.646528 0.089062 0.284722
1 0.563672 0.431944 0.199219 0.127778
1 0.499609 0.115278 0.139844 0.230556
1 0.411328 0.672917 0.111719 0.151389
1 0.524219 0.806944 0.167187 0.222222
1 0.432422 0.898611 0.091406 0.180556
1 0.258594 0.876389 0.126563 0.191667
1 0.226563 0.679167 0.135937 0.161111
1 0.176563 0.484028 0.100000 0.270833
1 0.315234 0.425000 0.178906 0.272222
1 0.260938 0.236111 0.306250 0.216667
