1 0.691797 0.223611 0.216406 0.297222
1 0.912891 0.452083 0.174219 0.226389
1 0.707031 0.439583 0.281250 0.193056
1 0.720703 0.616667 0.286719 0.105556
1 0.707031 0.728472 0.317187 0.106944
1 0.483203 0.790972 0.264844 0.129167
1 0.428516 0.609028 0.110156 0.226389
1 0.421875 0.382639 0.275000 0.154167
1 0.514453 0.126389 0.232031 0.188889
1 0.287891 0.196528 0.202344 0.206944
1 0.115625 0.208333 0.143750 0.222222
1 0.172656 0.446528 0.253125 0.176389
1 0.223047 0.659028 0.286719 0.129167
1 0.226563 0.861806 0.150000 0.254167
