1 0.571094 0.092361 0.123438 0.168056
1 0.817969 0.220139 0.235938 0.301389
1 0.662500 0.349306 0.150000 0.168056
1 0.800781 0.509722 0.154687 0.116667
1 0.846094 0.745833 0.307813 0.094444
1 0.641016 0.829861 0.266406 0.134722
1 0.593750 0.552083 0.162500 0.245833
1 0.371875 0.395139 0.139062 0.137500
1 0.364062 0.207639 0.157813 0.176389
1 0.161328 0.224306 0.178906 0.162500
1 0.132031 0.411111 0.185937 0.108333
1 0.231641 0.515972 0.232031 0.193056
1 0.346094 0.650000 0.143750 0.152778
1 0.270703 0.838194 0.314844 0.181944
