1 0.504687 0.122917 0.228125 0.173611
1 0.680859 0.239583 0.208594 0.290278
1 0.905469 0.467361 0.189063 0.206944
1 0.691406 0.445139 0.279687 0.181944
1 0.414453 0.391667 0.266406 0.133333
1 0.705078 0.626389 0.266406 0.100000
1 0.695313 0.731250 0.303125 0.087500
1 0.471484 0.794444 0.244531 0.127778
1 0.415234 0.615972 0.099219 0.209722
1 0.217578 0.657639 0.275781 0.084722
1 0.233594 0.856944 0.140625 0.252778
1 0.162109 0.450000 0.236719 0.144444
1 0.280469 0.221528 0.200000 0.223611
1 0.117188 0.227083 0.128125 0.231944
